[[0, 0, 1.0], [0, 1, 0.005423273592779782], [0, 2, -0.027967880209370407], [0, 3, -0.019509228506713015], [0, 4, 0.03464916223832645], [0, 5, -0.028879551160874473], [0, 6, 0.035441598455032926], [0, 7, -0.012547723593190334], [0, 8, -0.03574599934206986], [0, 9, -0.03409475887353878], [0, 10, 0.003757080698104618], [0, 11, -0.04135971416730294], [0, 12, -0.012766483170655936], [0, 13, -0.004489255242928197], [0, 14, -0.007148936481770092], [0, 15, 0.06813895763079987], [0, 16, 0.0025438664859512984], [0, 17, -0.01796482919411372], [0, 18, -0.03719593776518634], [0, 19, 0.08155704294035408], [0, 20, -0.11256663492656109], [0, 21, -0.038437220533427255], [1, 0, 0.005423273592779782], [1, 1, 1.0], [1, 2, 0.00485477339312279], [1, 3, -0.5760726645917557], [1, 4, 0.003834760749278267], [1, 5, -0.004427709223906319], [1, 6, 0.00619946624336773], [1, 7, 0.0033579779351361736], [1, 8, 0.00038762748963858606], [1, 9, -0.00813603584336957], [1, 10, 0.1401049115192308], [1, 11, -0.006285609141738939], [1, 12, -0.00034228045987808536], [1, 13, -0.00011046427135200387], [1, 14, 0.0006996690334674372], [1, 15, -0.003056869620820798], [1, 16, 0.0038849875835393665], [1, 17, -0.002882298716430544], [1, 18, -0.00011869986967388734], [1, 19, 0.008313425248483147], [1, 20, -0.0015501339425043768], [1, 21, 0.002915813467065768], [2, 0, -0.027967880209370407], [2, 1, 0.00485477339312279], [2, 2, 1.0], [2, 3, 0.5382774370600417], [2, 4, -0.5069209453273246], [2, 5, 0.4034418010065283], [2, 6, -0.5685332101482454], [2, 7, 0.22050786587277257], [2, 8, 0.18162701627393488], [2, 9, -0.07587282297903082], [2, 10, -0.00022604486732263627], [2, 11, 0.5866718080000388], [2, 12, -0.2496876210824638], [2, 13, 0.11316889653216985], [2, 14, 0.096888694000929], [2, 15, -0.057150601774951855], [2, 16, 0.011256017347110245], [2, 17, 0.052152716679384065], [2, 18, 0.026955204896036207], [2, 19, -0.038963087246605035], [2, 20, 0.127331765265584], [2, 21, 0.07297042146492332], [3, 0, -0.019509228506713015], [3, 1, -0.5760726645917557], [3, 2, 0.5382774370600417], [3, 3, 1.0], [3, 4, -0.27541328739993776], [3, 5, 0.21818999163684813], [3, 6, -0.3094285359062051], [3, 7, 0.12274121711128085], [3, 8, 0.09935260114842343], [3, 9, -0.03707866071967761], [3, 10, -0.09947044227979121], [3, 11, 0.318833742136815], [3, 12, -0.13346178652456528], [3, 13, 0.05353299179433655], [3, 14, 0.0462334617082222], [3, 15, -0.032461074305664056], [3, 16, 0.00814976657293381], [3, 17, 0.02911356379490073], [3, 18, 0.008474291580660055], [3, 19, -0.028898670781556914], [3, 20, 0.06800883739793641], [3, 21, 0.03569427441809163], [4, 0, 0.03464916223832645], [4, 1, 0.003834760749278267], [4, 2, -0.5069209453273246], [4, 3, -0.27541328739993776], [4, 4, 1.0], [4, 5, -0.6445119599477305], [4, 6, 0.8836882901640964], [4, 7, -0.36463866876310513], [4, 8, -0.07923116660432873], [4, 9, 0.15602575140882455], [4, 10, -0.005706368281908273], [4, 11, -0.8230545914776165], [4, 12, 0.44746284300850314], [4, 13, -0.06120028560496084], [4, 14, -0.04833611905711808], [4, 15, 0.04845764647341007], [4, 16, -0.009379345827885806], [4, 17, -0.004111425285871918], [4, 18, 0.046133477280406426], [4, 19, 0.002698132820980328], [4, 20, -0.016709777313980028], [4, 21, 0.13757260230552298], [5, 0, -0.028879551160874473], [5, 1, -0.004427709223906319], [5, 2, 0.4034418010065283], [5, 3, 0.21818999163684813], [5, 4, -0.6445119599477305], [5, 5, 1.0], [5, 6, -0.8017779513647462], [5, 7, -0.2592735737846994], [5, 8, 0.08683589508624043], [5, 9, -0.12059589783809344], [5, 10, 0.008183208444709598], [5, 11, 0.7372423348018803], [5, 12, -0.3829626576410233], [5, 13, 0.1168164005647844], [5, 14, 0.10615604251567085], [5, 15, -0.056242914883233075], [5, 16, 0.011576401877426937], [5, 17, 0.022376247144675745], [5, 18, -0.011518704218677674], [5, 19, -0.019148804438966376], [5, 20, 0.07858418113640453], [5, 21, -0.058021883627395306], [6, 0, 0.035441598455032926], [6, 1, 0.00619946624336773], [6, 2, -0.5685332101482454], [6, 3, -0.3094285359062051], [6, 4, 0.8836882901640964], [6, 5, -0.8017779513647462], [6, 6, 1.0], [6, 7, -0.2383165489499327], [6, 8, -0.09339883388747398], [6, 9, 0.16193914240273055], [6, 10, -0.003342334310091088], [6, 11, -0.9298554697777922], [6, 12, 0.47762131234659305], [6, 13, -0.09027120195030394], [6, 14, -0.07727773979494829], [6, 15, 0.06414901262905867], [6, 16, 0.0008294905185792164], [6, 17, -0.020834167918328976], [6, 18, 0.03560512809265719], [6, 19, -0.000417656692659991], [6, 20, -0.04723676895482155], [6, 21, 0.1271768267270633], [7, 0, -0.012547723593190334], [7, 1, 0.0033579779351361736], [7, 2, 0.22050786587277257], [7, 3, 0.12274121711128085], [7, 4, -0.36463866876310513], [7, 5, -0.2592735737846994], [7, 6, -0.2383165489499327], [7, 7, 1.0], [7, 8, 0.010191148181995499], [7, 9, -0.06236108494657152], [7, 10, -0.0023366185556977417], [7, 11, 0.23337284229602692], [7, 12, -0.11425239497018282], [7, 13, -0.10197334313202103], [7, 14, -0.10798282244151898], [7, 15, 0.010364778201037707], [7, 16, -0.010386026840429656], [7, 17, -0.014221090794615384], [7, 18, -0.07044915531873083], [7, 19, 0.03291363500353419], [7, 20, -0.061497277922171724], [7, 21, -0.08087888226371186], [8, 0, -0.03574599934206986], [8, 1, 0.00038762748963858606], [8, 2, 0.18162701627393488], [8, 3, 0.09935260114842343], [8, 4, -0.07923116660432873], [8, 5, 0.08683589508624043], [8, 6, -0.09339883388747398], [8, 7, 0.010191148181995499], [8, 8, 1.0], [8, 9, 0.022524544395829824], [8, 10, -0.004249245996020978], [8, 11, 0.09931701668521577], [8, 12, 0.09025007146063545], [8, 13, -0.0275045561574081], [8, 14, -0.018062688461976367], [8, 15, -0.0053546272087356545], [8, 16, -0.02662795908587032], [8, 17, 0.027600848040750314], [8, 18, 0.038813867863271956], [8, 19, -0.03594411633534558], [8, 20, 0.139941685649088], [8, 21, 0.13802314111290562], [9, 0, -0.03409475887353878], [9, 1, -0.00813603584336957], [9, 2, -0.07587282297903082], [9, 3, -0.03707866071967761], [9, 4, 0.15602575140882455], [9, 5, -0.12059589783809344], [9, 6, 0.16193914240273055], [9, 7, -0.06236108494657152], [9, 8, 0.022524544395829824], [9, 9, 1.0], [9, 10, -0.011253975611191378], [9, 11, -0.15290583890835413], [9, 12, 0.2804490952782578], [9, 13, -0.01941251819654626], [9, 14, -0.015765039641445346], [9, 15, -0.05675633021385701], [9, 16, -0.04525625876178488], [9, 17, 0.06105373078657714], [9, 18, 0.15606022336901393], [9, 19, -0.05249818075515014], [9, 20, 0.21673440480578526], [9, 21, 0.16149940373012361], [10, 0, 0.003757080698104618], [10, 1, 0.1401049115192308], [10, 2, -0.00022604486732263627], [10, 3, -0.09947044227979121], [10, 4, -0.005706368281908273], [10, 5, 0.008183208444709598], [10, 6, -0.003342334310091088], [10, 7, -0.0023366185556977417], [10, 8, -0.004249245996020978], [10, 9, -0.011253975611191378], [10, 10, 1.0], [10, 11, 0.00085388483649983], [10, 12, -0.0029919587324750657], [10, 13, -0.009462800031063602], [10, 14, -0.008240518472907483], [10, 15, 0.005921523224848196], [10, 16, -0.0009225343742642545], [10, 17, -0.003052812324232027], [10, 18, 0.0014548452611667776], [10, 19, -0.001174126467994318], [10, 20, 0.0014099913627519981], [10, 21, 0.0034682319110384734], [11, 0, -0.04135971416730294], [11, 1, -0.006285609141738939], [11, 2, 0.5866718080000388], [11, 3, 0.318833742136815], [11, 4, -0.8230545914776165], [11, 5, 0.7372423348018803], [11, 6, -0.9298554697777922], [11, 7, 0.23337284229602692], [11, 8, 0.09931701668521577], [11, 9, -0.15290583890835413], [11, 10, 0.00085388483649983], [11, 11, 1.0], [11, 12, -0.47852786908666795], [11, 13, 0.10750602967202874], [11, 14, 0.09752119905251568], [11, 15, -0.07129007990219759], [11, 16, 0.001790300153006084], [11, 17, 0.04193275148447759], [11, 18, -0.025139543981749148], [11, 19, -0.009000630539285038], [11, 20, 0.06897018787748223], [11, 21, -0.09938026640097711], [12, 0, -0.012766483170655936], [12, 1, -0.00034228045987808536], [12, 2, -0.2496876210824638], [12, 3, -0.13346178652456528], [12, 4, 0.44746284300850314], [12, 5, -0.3829626576410233], [12, 6, 0.47762131234659305], [12, 7, -0.11425239497018282], [12, 8, 0.09025007146063545], [12, 9, 0.2804490952782578], [12, 10, -0.0029919587324750657], [12, 11, -0.47852786908666795], [12, 12, 1.0], [12, 13, -0.04576333512109042], [12, 14, -0.044645342222343794], [12, 15, 0.02071122802355868], [12, 16, -0.0722541792368513], [12, 17, 0.02245753779692211], [12, 18, 0.11963409977419258], [12, 19, -0.03694630793678918], [12, 20, 0.16079254050250102], [12, 21, 0.10329495215870696], [13, 0, -0.004489255242928197], [13, 1, -0.00011046427135200387], [13, 2, 0.11316889653216985], [13, 3, 0.05353299179433655], [13, 4, -0.06120028560496084], [13, 5, 0.1168164005647844], [13, 6, -0.09027120195030394], [13, 7, -0.10197334313202103], [13, 8, -0.0275045561574081], [13, 9, -0.01941251819654626], [13, 10, -0.009462800031063602], [13, 11, 0.10750602967202874], [13, 12, -0.04576333512109042], [13, 13, 1.0], [13, 14, 0.8980932330561403], [13, 15, -0.04139939315380578], [13, 16, 8.769232759013932e-06], [13, 17, -0.006804704547172319], [13, 18, 0.048816472558139264], [13, 19, -0.003395850964145343], [13, 20, 0.011885795187327453], [13, 21, 0.005978612095898128], [14, 0, -0.007148936481770092], [14, 1, 0.0006996690334674372], [14, 2, 0.096888694000929], [14, 3, 0.0462334617082222], [14, 4, -0.04833611905711808], [14, 5, 0.10615604251567085], [14, 6, -0.07727773979494829], [14, 7, -0.10798282244151898], [14, 8, -0.018062688461976367], [14, 9, -0.015765039641445346], [14, 10, -0.008240518472907483], [14, 11, 0.09752119905251568], [14, 12, -0.044645342222343794], [14, 13, 0.8980932330561403], [14, 14, 1.0], [14, 15, -0.04713547814760905], [14, 16, -0.005305383339540798], [14, 17, -0.005627628264420272], [14, 18, 0.02614148278233996], [14, 19, -0.015179809596378921], [14, 20, 0.020077317775518265], [14, 21, 0.018814622442774556], [15, 0, 0.06813895763079987], [15, 1, -0.003056869620820798], [15, 2, -0.057150601774951855], [15, 3, -0.032461074305664056], [15, 4, 0.04845764647341007], [15, 5, -0.056242914883233075], [15, 6, 0.06414901262905867], [15, 7, 0.010364778201037707], [15, 8, -0.0053546272087356545], [15, 9, -0.05675633021385701], [15, 10, 0.005921523224848196], [15, 11, -0.07129007990219759], [15, 12, 0.02071122802355868], [15, 13, -0.04139939315380578], [15, 14, -0.04713547814760905], [15, 15, 1.0], [15, 16, -0.008159691139762977], [15, 17, -0.02567737929338448], [15, 18, -0.050619118101865125], [15, 19, 0.050404503387795466], [15, 20, -0.08854352522062477], [15, 21, -0.05284606178338292], [16, 0, 0.0025438664859512984], [16, 1, 0.0038849875835393665], [16, 2, 0.011256017347110245], [16, 3, 0.00814976657293381], [16, 4, -0.009379345827885806], [16, 5, 0.011576401877426937], [16, 6, 0.0008294905185792164], [16, 7, -0.010386026840429656], [16, 8, -0.02662795908587032], [16, 9, -0.04525625876178488], [16, 10, -0.0009225343742642545], [16, 11, 0.001790300153006084], [16, 12, -0.0722541792368513], [16, 13, 8.769232759013932e-06], [16, 14, -0.005305383339540798], [16, 15, -0.008159691139762977], [16, 16, 1.0], [16, 17, -0.0027414253424920586], [16, 18, -0.007187934209182369], [16, 19, -0.023787654158885525], [16, 20, -0.012237589193507384], [16, 21, -0.020573661174239772], [17, 0, -0.01796482919411372], [17, 1, -0.002882298716430544], [17, 2, 0.052152716679384065], [17, 3, 0.02911356379490073], [17, 4, -0.004111425285871918], [17, 5, 0.022376247144675745], [17, 6, -0.020834167918328976], [17, 7, -0.014221090794615384], [17, 8, 0.027600848040750314], [17, 9, 0.06105373078657714], [17, 10, -0.003052812324232027], [17, 11, 0.04193275148447759], [17, 12, 0.02245753779692211], [17, 13, -0.006804704547172319], [17, 14, -0.005627628264420272], [17, 15, -0.02567737929338448], [17, 16, -0.0027414253424920586], [17, 17, 1.0], [17, 18, 0.15204702017767702], [17, 19, -0.030933853238408974], [17, 20, 0.15196196384045146], [17, 21, 0.07900193974211159], [18, 0, -0.03719593776518634], [18, 1, -0.00011869986967388734], [18, 2, 0.026955204896036207], [18, 3, 0.008474291580660055], [18, 4, 0.046133477280406426], [18, 5, -0.011518704218677674], [18, 6, 0.03560512809265719], [18, 7, -0.07044915531873083], [18, 8, 0.038813867863271956], [18, 9, 0.15606022336901393], [18, 10, 0.0014548452611667776], [18, 11, -0.025139543981749148], [18, 12, 0.11963409977419258], [18, 13, 0.048816472558139264], [18, 14, 0.02614148278233996], [18, 15, -0.050619118101865125], [18, 16, -0.007187934209182369], [18, 17, 0.15204702017767702], [18, 18, 1.0], [18, 19, -0.046594928284364505], [18, 20, 0.2282951926567368], [18, 21, 0.09751435381045993], [19, 0, 0.08155704294035408], [19, 1, 0.008313425248483147], [19, 2, -0.038963087246605035], [19, 3, -0.028898670781556914], [19, 4, 0.002698132820980328], [19, 5, -0.019148804438966376], [19, 6, -0.000417656692659991], [19, 7, 0.03291363500353419], [19, 8, -0.03594411633534558], [19, 9, -0.05249818075515014], [19, 10, -0.001174126467994318], [19, 11, -0.009000630539285038], [19, 12, -0.03694630793678918], [19, 13, -0.003395850964145343], [19, 14, -0.015179809596378921], [19, 15, 0.050404503387795466], [19, 16, -0.023787654158885525], [19, 17, -0.030933853238408974], [19, 18, -0.046594928284364505], [19, 19, 1.0], [19, 20, -0.20080995779151595], [19, 21, -0.05762128108536426], [20, 0, -0.11256663492656109], [20, 1, -0.0015501339425043768], [20, 2, 0.127331765265584], [20, 3, 0.06800883739793641], [20, 4, -0.016709777313980028], [20, 5, 0.07858418113640453], [20, 6, -0.04723676895482155], [20, 7, -0.061497277922171724], [20, 8, 0.139941685649088], [20, 9, 0.21673440480578526], [20, 10, 0.0014099913627519981], [20, 11, 0.06897018787748223], [20, 12, 0.16079254050250102], [20, 13, 0.011885795187327453], [20, 14, 0.020077317775518265], [20, 15, -0.08854352522062477], [20, 16, -0.012237589193507384], [20, 17, 0.15196196384045146], [20, 18, 0.2282951926567368], [20, 19, -0.20080995779151595], [20, 20, 1.0], [20, 21, 0.21821692662148773], [21, 0, -0.038437220533427255], [21, 1, 0.002915813467065768], [21, 2, 0.07297042146492332], [21, 3, 0.03569427441809163], [21, 4, 0.13757260230552298], [21, 5, -0.058021883627395306], [21, 6, 0.1271768267270633], [21, 7, -0.08087888226371186], [21, 8, 0.13802314111290562], [21, 9, 0.16149940373012361], [21, 10, 0.0034682319110384734], [21, 11, -0.09938026640097711], [21, 12, 0.10329495215870696], [21, 13, 0.005978612095898128], [21, 14, 0.018814622442774556], [21, 15, -0.05284606178338292], [21, 16, -0.020573661174239772], [21, 17, 0.07900193974211159], [21, 18, 0.09751435381045993], [21, 19, -0.05762128108536426], [21, 20, 0.21821692662148773], [21, 21, 1.0]]